J0    = 401.0527 
J1    = 148.4064 
J2    = 25.30899 
J3    = 23.68978 
J4    = 0.9270046
J5    = 0.7283468
J6    = 0.7276215
J7    = 0.7273866
J8    = 0.7258051
J9    = 0.7232014
J10   = 0.7165898
J11   = 0.7029716
J12   = 0.6763395
J13   = 0.6386801
J14   = 0.6037175
J15   = 0.52805  
J16   = 0.3315978
J17   = 0.1460144
J18   = 0.0970522
J19   = 0.05137181
J20   = 0.02264357
Return: J is lower than epsilon.
Total time used: 12.93  
