J0    = 734.7491 
J1    = 197.6789 
J2    = 49.83228 
J3    = 47.91587 
J4    = 12.98088 
J5    = 1.604034 
J6    = 1.180815 
J7    = 1.180815 
J8    = 1.172698 
J9    = 1.114618 
J10   = 1.114618 
J11   = 1.091826 
Return: alphak is too small.
Total time used: 19.59  
