J0    = 2.086645 
J1    = 1.916973 
J2    = 0.1030171
J3    = 0.06812263
J4    = 0.01654377
J5    = 0.01296657
J6    = 0.009579304
Return: J is lower than epsilon.
Total time used: 5.26   
