J0    = 588.1309 
J1    = 203.3686 
J2    = 38.8271  
J3    = 36.67646 
J4    = 3.439884 
Return: J is lower than epsilon.
