J0    = 722.3326 
J1    = 188.6611 
J2    = 37.93803 
J3    = 36.51468 
J4    = 6.906541 
J5    = 1.340597 
J6    = 1.337448 
J7    = 1.336836 
J8    = 1.335973 
J9    = 1.335853 
J10   = 1.335853 
J11   = 1.335853 
Return: alphak is too small.
Total time used: 31.60  
