J0    = 7.873191 
J1    = 7.472464 
J2    = 0.08399044
J3    = 0.05319678
J4    = 0.0267805
J5    = 0.02049744
J6    = 0.01465893
J7    = 0.01199405
J8    = 0.01011449
J9    = 0.00876993
Return: J is lower than epsilon.
Total time used: 6.73   
