J0    = 3.936595 
J1    = 3.736232 
J2    = 0.04199522
J3    = 0.02659839
J4    = 0.01339025
J5    = 0.01024872
J6    = 0.007329464
Return: J is lower than epsilon.
Total time used: 4.96   
