J0    = 486.4754 
J1    = 40.47909 
J2    = 7.449854 
J3    = 7.436037 
J4    = 1.424576 
J5    = 0.04671097
J6    = 0.008468893
J7    = 0.00846889
J8    = 0.008468885
J9    = 0.008468875
J10   = 0.008468855
J11   = 0.008468819
J12   = 0.008468751
J13   = 0.008468623
J14   = 0.00846839
J15   = 0.008467985
J16   = 0.008467368
J17   = 0.008466765
J18   = 0.008466746
J19   = 0.008466746
J20   = 0.008466746
J21   = 0.008466746
Return: alphak is too small.
Total time used: 142.11 
