J0    = 122.0695 
J1    = 10.16482 
J2    = 1.926768 
J3    = 1.923195 
J4    = 0.3776502
J5    = 0.01309657
J6    = 0.00232347
Return: J is lower than epsilon.
Total time used: 13.09  
