J0    = 486.4754 
J1    = 40.47909 
J2    = 7.449854 
J3    = 7.436037 
J4    = 1.424576 
J5    = 0.04671097
J6    = 0.008468893
Return: J is lower than epsilon.
Total time used: 12.61  
