J0    = 1.305021 
J1    = 0.8800824
J2    = 0.3543559
J3    = 0.07753847
J4    = 0.03267463
J5    = 0.02959308
J6    = 0.02662182
J7    = 0.02308732
J8    = 0.02008251
J9    = 0.008718667
J10   = 0.008117847
J11   = 0.005458519
J12   = 0.005158859
J13   = 0.004842514
J14   = 0.002306474
J15   = 0.001428912
J16   = 0.001316383
J17   = 0.0008426886
Return: J is lower than epsilon.
Total time used: 10.7
