J0    = 129.1358 
J1    = 13.30264 
J2    = 2.117187 
J3    = 2.113584 
J4    = 0.6049062
J5    = 0.01453647
J6    = 0.002500829
Return: J is lower than epsilon.
Total time used: 13.58  
