J0    = 1.72482  
J1    = 1.49816  
J2    = 0.1182644
J3    = 0.08182298
J4    = 0.01808483
J5    = 0.01409295
J6    = 0.01034429
J7    = 0.008683256
Return: J is lower than epsilon.
Total time used: 4.35   
