J0    = 135.5431 
J1    = 18.43048 
J2    = 2.27071  
J3    = 2.267328 
J4    = 0.7173653
J5    = 0.01018926
J6    = 0.002616973
Return: J is lower than epsilon.
Total time used: 20.77  
